085D48	085D90	asm/sub_8085D48.o(.text.sub_8085D48)	sub_8085D48 region-different gbadisasm descriptive asm
