0BD054	0BD058	asm/nullsub_23.o(.text.nullsub_23)	nullsub_23 region-different gbadisasm descriptive asm
